np_abs 2 1 2 1 1 500 500 499 499
np_abs 2 1 3 1 1 500 500 500 500
np_abs 2 2 1 1 1 500 0 0 0
np_abs 2 2 2 1 1 500 500 487 487
np_abs 2 2 3 1 1 500 500 483 483
np_abs 2 3 1 1 1 500 0 0 0
np_abs 2 3 2 1 1 500 500 482 482
np_abs 2 3 3 1 1 500 500 484 483
np_abs 3 1 1 1 1 500 498 477 477
np_abs 3 1 1 1 2 500 120 69 69
np_acosh 2 1 2 1 1 500 304 147 146
np_acosh 2 1 3 1 1 500 308 158 158
np_acosh 2 2 1 1 1 500 0 0 0
np_acosh 2 2 2 1 1 500 313 132 132
np_acosh 2 2 3 1 1 500 300 125 125
np_acosh 2 3 1 1 1 500 0 0 0
np_acosh 2 3 2 1 1 500 304 156 134
np_acosh 2 3 3 1 1 500 306 166 143
np_acosh 3 1 1 1 1 500 0 0 0
np_acosh 3 1 1 1 2 500 0 0 0
np_acos 2 1 2 1 1 500 500 0 0
np_acos 2 1 3 1 1 500 500 0 0
np_acos 2 2 1 1 1 500 500 0 0
np_acos 2 2 2 1 1 500 500 0 0
np_acos 2 2 3 1 1 500 500 0 0
np_acos 2 3 1 1 1 500 500 0 0
np_acos 2 3 2 1 1 500 500 0 0
np_acos 2 3 3 1 1 500 500 0 0
np_acos 3 1 1 1 1 500 499 0 0
np_acos 3 1 1 1 2 500 500 0 0
np_asinh 2 1 2 1 1 500 500 500 499
np_asinh 2 1 3 1 1 500 500 500 500
np_asinh 2 2 1 1 1 500 415 0 0
np_asinh 2 2 2 1 1 500 500 492 492
np_asinh 2 2 3 1 1 500 500 493 492
np_asinh 2 3 1 1 1 500 405 0 0
np_asinh 2 3 2 1 1 500 500 487 486
np_asinh 2 3 3 1 1 500 500 493 493
np_asinh 3 1 1 1 1 500 500 444 442
np_asinh 3 1 1 1 2 500 423 135 135
np_asin 2 1 2 1 1 500 500 0 0
np_asin 2 1 3 1 1 500 500 0 0
np_asin 2 2 1 1 1 500 498 0 0
np_asin 2 2 2 1 1 500 500 0 0
np_asin 2 2 3 1 1 500 500 0 0
np_asin 2 3 1 1 1 500 499 0 0
np_asin 2 3 2 1 1 500 500 0 0
np_asin 2 3 3 1 1 500 500 0 0
np_asin 3 1 1 1 1 500 500 0 0
np_asin 3 1 1 1 2 500 500 0 0
np_atan2 2 1 2 1 1 500 500 500 500
np_atan2 2 1 3 1 1 500 500 500 500
np_atan2 2 2 1 1 1 500 494 127 119
np_atan2 2 2 2 1 1 500 500 495 495
np_atan2 2 2 3 1 1 500 500 493 493
np_atan2 2 3 1 1 1 500 492 163 155
np_atan2 2 3 2 1 1 500 500 499 499
np_atan2 2 3 3 1 1 500 500 493 493
np_atan2 3 1 1 1 1 500 500 474 474
np_atan2 3 1 1 1 2 500 497 302 302
np_atanh 2 1 2 1 1 500 500 0 0
np_atanh 2 1 3 1 1 500 500 0 0
np_atanh 2 2 1 1 1 500 500 0 0
np_atanh 2 2 2 1 1 500 500 0 0
np_atanh 2 2 3 1 1 500 500 0 0
np_atanh 2 3 1 1 1 500 499 0 0
np_atanh 2 3 2 1 1 500 500 0 0
np_atanh 2 3 3 1 1 500 500 0 0
np_atanh 3 1 1 1 1 500 500 0 0
np_atanh 3 1 1 1 2 500 500 0 0
np_atan 2 1 2 1 1 500 500 500 500
np_atan 2 1 3 1 1 500 500 500 500
np_atan 2 2 1 1 1 500 496 403 144
np_atan 2 2 2 1 1 500 500 495 495
np_atan 2 2 3 1 1 500 500 497 496
np_atan 2 3 1 1 1 500 497 413 160
np_atan 2 3 2 1 1 500 500 498 498
np_atan 2 3 3 1 1 500 500 498 498
np_atan 3 1 1 1 1 500 500 487 487
np_atan 3 1 1 1 2 500 500 361 361
np_ceil 2 1 2 1 1 500 500 500 499
np_ceil 2 1 3 1 1 500 500 500 500
np_ceil 2 2 1 1 1 500 0 0 0
np_ceil 2 2 2 1 1 500 500 476 473
np_ceil 2 2 3 1 1 500 500 468 467
np_ceil 2 3 1 1 1 500 0 0 0
np_ceil 2 3 2 1 1 500 500 464 464
np_ceil 2 3 3 1 1 500 500 470 470
np_ceil 3 1 1 1 1 500 179 64 62
np_ceil 3 1 1 1 2 500 7 3 3
np_cosh 2 1 2 1 1 500 500 500 499
np_cosh 2 1 3 1 1 500 500 500 499
np_cosh 2 2 1 1 1 500 0 0 0
np_cosh 2 2 2 1 1 500 500 484 484
np_cosh 2 2 3 1 1 500 500 484 480
np_cosh 2 3 1 1 1 500 0 0 0
np_cosh 2 3 2 1 1 500 500 479 478
np_cosh 2 3 3 1 1 500 500 478 476
np_cosh 3 1 1 1 1 500 74 61 61
np_cosh 3 1 1 1 2 500 0 0 0
np_cos 2 1 2 1 1 500 500 500 499
np_cos 2 1 3 1 1 500 500 500 499
np_cos 2 2 1 1 1 500 0 0 0
np_cos 2 2 2 1 1 500 500 500 500
np_cos 2 2 3 1 1 500 500 500 500
np_cos 2 3 1 1 1 500 0 0 0
np_cos 2 3 2 1 1 500 500 500 498
np_cos 2 3 3 1 1 500 500 500 500
np_cos 3 1 1 1 1 500 500 491 490
np_cos 3 1 1 1 2 500 497 428 428
np_exp 2 1 2 1 1 500 500 500 498
np_exp 2 1 3 1 1 500 500 500 498
np_exp 2 2 1 1 1 500 8 3 3
np_exp 2 2 2 1 1 500 500 471 467
np_exp 2 2 3 1 1 500 500 480 476
np_exp 2 3 1 1 1 500 305 179 176
np_exp 2 3 2 1 1 500 500 488 488
np_exp 2 3 3 1 1 500 500 489 486
np_exp 3 1 1 1 1 500 368 339 339
np_exp 3 1 1 1 2 500 0 0 0
np_floor 2 1 2 1 1 500 500 500 498
np_floor 2 1 3 1 1 500 500 500 498
np_floor 2 2 1 1 1 500 0 0 0
np_floor 2 2 2 1 1 500 500 456 452
np_floor 2 2 3 1 1 500 500 473 472
np_floor 2 3 1 1 1 500 0 0 0
np_floor 2 3 2 1 1 500 500 474 471
np_floor 2 3 3 1 1 500 500 464 463
np_floor 3 1 1 1 1 500 187 86 86
np_floor 3 1 1 1 2 500 12 2 2
np_hypot 2 1 2 1 1 500 500 500 500
np_hypot 2 1 3 1 1 500 500 500 500
np_hypot 2 2 1 1 1 500 0 0 0
np_hypot 2 2 2 1 1 500 500 487 487
np_hypot 2 2 3 1 1 500 500 484 484
np_hypot 2 3 1 1 1 500 0 0 0
np_hypot 2 3 2 1 1 500 500 485 485
np_hypot 2 3 3 1 1 500 500 480 480
np_hypot 3 1 1 1 1 500 269 26 26
np_hypot 3 1 1 1 2 500 4 0 0
np_log10 2 1 2 1 1 500 500 139 139
np_log10 2 1 3 1 1 500 500 147 147
np_log10 2 2 1 1 1 500 492 11 1
np_log10 2 2 2 1 1 500 500 182 182
np_log10 2 2 3 1 1 500 500 155 155
np_log10 2 3 1 1 1 500 494 0 0
np_log10 2 3 2 1 1 500 500 130 130
np_log10 2 3 3 1 1 500 500 139 139
np_log10 3 1 1 1 1 500 500 86 86
np_log10 3 1 1 1 2 500 498 94 94
np_log1p 2 1 2 1 1 500 500 164 163
np_log1p 2 1 3 1 1 500 500 175 175
np_log1p 2 2 1 1 1 500 383 0 0
np_log1p 2 2 2 1 1 500 500 182 182
np_log1p 2 2 3 1 1 500 500 190 190
np_log1p 2 3 1 1 1 500 382 0 0
np_log1p 2 3 2 1 1 500 500 127 127
np_log1p 2 3 3 1 1 500 500 133 133
np_log1p 3 1 1 1 1 500 500 102 100
np_log1p 3 1 1 1 2 500 477 66 66
np_log 2 1 2 1 1 500 500 164 164
np_log 2 1 3 1 1 500 500 144 144
np_log 2 2 1 1 1 500 410 0 0
np_log 2 2 2 1 1 500 500 168 168
np_log 2 2 3 1 1 500 500 147 147
np_log 2 3 1 1 1 500 419 0 0
np_log 2 3 2 1 1 500 500 105 105
np_log 2 3 3 1 1 500 500 117 117
np_log 3 1 1 1 1 500 500 86 86
np_log 3 1 1 1 2 500 443 28 28
np_max 2 1 2 1 1 500 500 500 500
np_max 2 1 3 1 1 500 500 500 500
np_max 2 2 1 1 1 500 0 0 0
np_max 2 2 2 1 1 500 500 467 467
np_max 2 2 3 1 1 500 500 460 460
np_max 2 3 1 1 1 500 0 0 0
np_max 2 3 2 1 1 500 500 478 478
np_max 2 3 3 1 1 500 500 478 478
np_max 3 1 1 1 1 500 450 377 377
np_max 3 1 1 1 2 500 49 0 0
np_min 2 1 2 1 1 500 500 498 498
np_min 2 1 3 1 1 500 500 500 500
np_min 2 2 1 1 1 500 0 0 0
np_min 2 2 2 1 1 500 500 473 473
np_min 2 2 3 1 1 500 500 476 476
np_min 2 3 1 1 1 500 0 0 0
np_min 2 3 2 1 1 500 500 459 459
np_min 2 3 3 1 1 500 500 463 463
np_min 3 1 1 1 1 500 451 394 394
np_min 3 1 1 1 2 500 44 2 2
np_round 2 1 2 1 1 500 500 500 500
np_round 2 1 3 1 1 500 500 500 500
np_round 2 2 1 1 1 500 0 0 0
np_round 2 2 2 1 1 500 500 478 478
np_round 2 2 3 1 1 500 500 466 466
np_round 2 3 1 1 1 500 0 0 0
np_round 2 3 2 1 1 500 500 470 470
np_round 2 3 3 1 1 500 500 471 467
np_round 3 1 1 1 1 500 163 78 78
np_round 3 1 1 1 2 500 3 1 1
np_sinh 2 1 2 1 1 500 500 500 500
np_sinh 2 1 3 1 1 500 500 500 497
np_sinh 2 2 1 1 1 500 0 0 0
np_sinh 2 2 2 1 1 500 500 447 444
np_sinh 2 2 3 1 1 500 500 452 450
np_sinh 2 3 1 1 1 500 0 0 0
np_sinh 2 3 2 1 1 500 500 444 442
np_sinh 2 3 3 1 1 500 500 455 454
np_sinh 3 1 1 1 1 500 99 76 76
np_sinh 3 1 1 1 2 500 0 0 0
np_sin 2 1 2 1 1 500 500 500 497
np_sin 2 1 3 1 1 500 500 500 500
np_sin 2 2 1 1 1 500 0 0 0
np_sin 2 2 2 1 1 500 500 500 499
np_sin 2 2 3 1 1 500 500 500 500
np_sin 2 3 1 1 1 500 0 0 0
np_sin 2 3 2 1 1 500 500 500 500
np_sin 2 3 3 1 1 500 500 500 499
np_sin 3 1 1 1 1 500 500 487 487
np_sin 3 1 1 1 2 500 492 436 436
np_sqrt 2 1 2 1 1 500 500 157 157
np_sqrt 2 1 3 1 1 500 500 144 144
np_sqrt 2 2 1 1 1 500 165 0 0
np_sqrt 2 2 2 1 1 500 500 161 161
np_sqrt 2 2 3 1 1 500 500 156 155
np_sqrt 2 3 1 1 1 500 463 0 0
np_sqrt 2 3 2 1 1 500 500 117 117
np_sqrt 2 3 3 1 1 500 500 108 108
np_sqrt 3 1 1 1 1 500 499 47 47
np_sqrt 3 1 1 1 2 500 473 11 11
np_tanh 2 1 2 1 1 500 500 500 500
np_tanh 2 1 3 1 1 500 500 500 498
np_tanh 2 2 1 1 1 500 500 372 305
np_tanh 2 2 2 1 1 500 500 498 498
np_tanh 2 2 3 1 1 500 500 495 495
np_tanh 2 3 1 1 1 500 500 358 287
np_tanh 2 3 2 1 1 500 500 498 497
np_tanh 2 3 3 1 1 500 500 499 499
np_tanh 3 1 1 1 1 500 500 468 468
np_tanh 3 1 1 1 2 500 500 404 404
np_tan 2 1 2 1 1 500 500 429 425
np_tan 2 1 3 1 1 500 500 407 400
np_tan 2 2 1 1 1 500 0 0 0
np_tan 2 2 2 1 1 500 500 419 416
np_tan 2 2 3 1 1 500 500 416 414
np_tan 2 3 1 1 1 500 0 0 0
np_tan 2 3 2 1 1 500 500 412 409
np_tan 2 3 3 1 1 500 500 419 415
np_tan 3 1 1 1 1 500 467 461 461
np_tan 3 1 1 1 2 500 221 113 113
