np_atan2 2 1 1 1 1 500 500 454 451
np_asinh 2 1 1 1 1 500 499 263 120
np_atan2 2 1 1 1 2 500 498 323 323
np_asinh 2 1 1 1 2 500 452 90 89
np_tanh 2 1 1 1 2 500 500 197 197
np_cos 2 1 1 1 1 500 452 442 41
np_tanh 2 1 1 1 1 500 500 307 290
np_cos 2 1 1 1 2 500 479 455 451
np_sin 2 1 1 1 1 500 462 448 43
np_cosh 2 1 1 1 2 500 0 0 0
np_sin 2 1 1 1 2 500 476 420 416
np_cosh 2 1 1 1 1 500 0 0 0
np_tan 2 1 1 1 2 500 60 3 3
np_hypot 2 1 1 1 2 500 23 3 3
np_ceil 2 1 1 1 1 500 222 97 35
np_tan 2 1 1 1 1 500 43 7 6
np_hypot 2 1 1 1 1 500 416 57 57
np_ceil 2 1 1 1 2 500 72 7 7
np_log1p 2 1 1 1 2 500 487 86 86
np_asin 2 1 1 1 1 500 499 0 0
np_sqrt 2 1 1 1 1 500 485 102 74
np_abs 2 1 1 1 1 500 500 465 264
np_log1p 2 1 1 1 1 500 498 178 65
np_sqrt 2 1 1 1 2 500 479 37 37
np_asin 2 1 1 1 2 500 499 0 0
np_abs 2 1 1 1 2 500 293 151 151
np_atan 2 1 1 1 2 500 500 194 194
np_acosh 2 1 1 1 1 500 0 0 0
np_floor 2 1 1 1 1 500 208 106 39
np_acosh 2 1 1 1 2 500 0 0 0
np_atan 2 1 1 1 1 500 500 370 235
np_floor 2 1 1 1 2 500 87 11 10
np_log 2 1 1 1 1 500 498 105 71
np_log10 2 1 1 1 2 500 499 111 111
np_min 2 1 1 1 1 500 384 356 355
np_atanh 2 1 1 1 1 500 500 0 0
np_log 2 1 1 1 2 500 442 44 44
np_log10 2 1 1 1 1 500 500 147 80
np_min 2 1 1 1 2 500 178 97 97
np_atanh 2 1 1 1 2 500 500 0 0
np_max 2 1 1 1 1 500 439 396 396
np_round 2 1 1 1 1 500 225 120 40
np_acos 2 1 1 1 1 500 499 0 0
np_exp 2 1 1 1 2 500 0 0 0
np_sinh 2 1 1 1 2 500 0 0 0
np_max 2 1 1 1 2 500 49 15 15
np_round 2 1 1 1 2 500 82 9 9
np_acos 2 1 1 1 2 500 499 0 0
np_exp 2 1 1 1 1 500 337 206 183
np_sinh 2 1 1 1 1 500 0 0 0
np_abs 2 1 2 1 1 500 500 499 499
np_abs 2 1 3 1 1 500 500 500 500
np_abs 2 2 1 1 1 500 0 0 0
np_abs 2 2 2 1 1 500 500 472 469
np_abs 2 2 3 1 1 500 500 472 472
np_abs 2 3 1 1 1 500 0 0 0
np_abs 2 3 2 1 1 500 500 469 468
np_abs 2 3 3 1 1 500 500 466 465
np_abs 3 1 1 1 1 500 498 424 424
np_abs 3 1 1 1 2 500 120 48 48
np_acosh 2 1 2 1 1 500 304 0 0
np_acosh 2 1 3 1 1 500 308 0 0
np_acosh 2 2 1 1 1 500 0 0 0
np_acosh 2 2 2 1 1 500 313 0 0
np_acosh 2 2 3 1 1 500 300 0 0
np_acosh 2 3 1 1 1 500 0 0 0
np_acosh 2 3 2 1 1 500 304 0 0
np_acosh 2 3 3 1 1 500 306 0 0
np_acosh 3 1 1 1 1 500 0 0 0
np_acosh 3 1 1 1 2 500 0 0 0
np_acos 2 1 2 1 1 500 500 0 0
np_acos 2 1 3 1 1 500 500 0 0
np_acos 2 2 1 1 1 500 500 0 0
np_acos 2 2 2 1 1 500 500 0 0
np_acos 2 2 3 1 1 500 500 0 0
np_acos 2 3 1 1 1 500 500 0 0
np_acos 2 3 2 1 1 500 500 0 0
np_acos 2 3 3 1 1 500 500 0 0
np_acos 3 1 1 1 1 500 499 0 0
np_acos 3 1 1 1 2 500 500 0 0
np_asinh 2 1 2 1 1 500 500 499 498
np_asinh 2 1 3 1 1 500 500 500 500
np_asinh 2 2 1 1 1 500 415 0 0
np_asinh 2 2 2 1 1 500 500 487 483
np_asinh 2 2 3 1 1 500 500 487 487
np_asinh 2 3 1 1 1 500 405 0 0
np_asinh 2 3 2 1 1 500 500 475 471
np_asinh 2 3 3 1 1 500 500 480 480
np_asinh 3 1 1 1 1 500 500 284 283
np_asinh 3 1 1 1 2 500 423 52 52
np_asin 2 1 2 1 1 500 500 0 0
np_asin 2 1 3 1 1 500 500 0 0
np_asin 2 2 1 1 1 500 498 0 0
np_asin 2 2 2 1 1 500 500 0 0
np_asin 2 2 3 1 1 500 500 0 0
np_asin 2 3 1 1 1 500 499 0 0
np_asin 2 3 2 1 1 500 500 0 0
np_asin 2 3 3 1 1 500 500 0 0
np_asin 3 1 1 1 1 500 500 0 0
np_asin 3 1 1 1 2 500 500 0 0
np_atan2 2 1 2 1 1 500 500 499 499
np_atan2 2 1 3 1 1 500 500 498 498
np_atan2 2 2 1 1 1 500 494 117 117
np_atan2 2 2 2 1 1 500 500 487 487
np_atan2 2 2 3 1 1 500 500 490 490
np_atan2 2 3 1 1 1 500 492 147 147
np_atan2 2 3 2 1 1 500 500 495 495
np_atan2 2 3 3 1 1 500 500 487 487
np_atan2 3 1 1 1 1 500 500 346 346
np_atan2 3 1 1 1 2 500 497 148 148
np_atanh 2 1 2 1 1 500 500 0 0
np_atanh 2 1 3 1 1 500 500 0 0
np_atanh 2 2 1 1 1 500 500 0 0
np_atanh 2 2 2 1 1 500 500 0 0
np_atanh 2 2 3 1 1 500 500 0 0
np_atanh 2 3 1 1 1 500 499 0 0
np_atanh 2 3 2 1 1 500 500 0 0
np_atanh 2 3 3 1 1 500 500 0 0
np_atanh 3 1 1 1 1 500 500 0 0
np_atanh 3 1 1 1 2 500 500 0 0
np_atan 2 1 2 1 1 500 500 499 499
np_atan 2 1 3 1 1 500 500 498 498
np_atan 2 2 1 1 1 500 496 395 327
np_atan 2 2 2 1 1 500 500 492 486
np_atan 2 2 3 1 1 500 500 491 491
np_atan 2 3 1 1 1 500 497 392 331
np_atan 2 3 2 1 1 500 500 492 492
np_atan 2 3 3 1 1 500 500 493 492
np_atan 3 1 1 1 1 500 500 395 395
np_atan 3 1 1 1 2 500 500 141 141
np_ceil 2 1 2 1 1 500 500 499 498
np_ceil 2 1 3 1 1 500 500 499 499
np_ceil 2 2 1 1 1 500 0 0 0
np_ceil 2 2 2 1 1 500 500 454 451
np_ceil 2 2 3 1 1 500 500 456 450
np_ceil 2 3 1 1 1 500 0 0 0
np_ceil 2 3 2 1 1 500 500 449 447
np_ceil 2 3 3 1 1 500 500 444 443
np_ceil 3 1 1 1 1 500 179 37 37
np_ceil 3 1 1 1 2 500 7 0 0
np_cosh 2 1 2 1 1 500 500 498 497
np_cosh 2 1 3 1 1 500 500 499 498
np_cosh 2 2 1 1 1 500 0 0 0
np_cosh 2 2 2 1 1 500 500 472 468
np_cosh 2 2 3 1 1 500 500 472 471
np_cosh 2 3 1 1 1 500 0 0 0
np_cosh 2 3 2 1 1 500 500 468 465
np_cosh 2 3 3 1 1 500 500 465 464
np_cosh 3 1 1 1 1 500 74 51 51
np_cosh 3 1 1 1 2 500 0 0 0
np_cos 2 1 2 1 1 500 500 500 499
np_cos 2 1 3 1 1 500 500 500 499
np_cos 2 2 1 1 1 500 0 0 0
np_cos 2 2 2 1 1 500 500 500 500
np_cos 2 2 3 1 1 500 500 500 497
np_cos 2 3 1 1 1 500 0 0 0
np_cos 2 3 2 1 1 500 500 499 492
np_cos 2 3 3 1 1 500 500 500 499
np_cos 3 1 1 1 1 500 500 491 491
np_cos 3 1 1 1 2 500 497 415 415
np_exp 2 1 2 1 1 500 500 494 492
np_exp 2 1 3 1 1 500 500 499 497
np_exp 2 2 1 1 1 500 8 2 2
np_exp 2 2 2 1 1 500 500 451 445
np_exp 2 2 3 1 1 500 500 463 459
np_exp 2 3 1 1 1 500 305 155 143
np_exp 2 3 2 1 1 500 500 477 476
np_exp 2 3 3 1 1 500 500 481 477
np_exp 3 1 1 1 1 500 368 227 227
np_exp 3 1 1 1 2 500 0 0 0
np_floor 2 1 2 1 1 500 500 499 497
np_floor 2 1 3 1 1 500 500 497 495
np_floor 2 2 1 1 1 500 0 0 0
np_floor 2 2 2 1 1 500 500 436 435
np_floor 2 2 3 1 1 500 500 453 453
np_floor 2 3 1 1 1 500 0 0 0
np_floor 2 3 2 1 1 500 500 451 449
np_floor 2 3 3 1 1 500 500 451 449
np_floor 3 1 1 1 1 500 187 45 45
np_floor 3 1 1 1 2 500 12 0 0
np_hypot 2 1 2 1 1 500 500 494 494
np_hypot 2 1 3 1 1 500 500 497 497
np_hypot 2 2 1 1 1 500 0 0 0
np_hypot 2 2 2 1 1 500 500 468 468
np_hypot 2 2 3 1 1 500 500 471 471
np_hypot 2 3 1 1 1 500 0 0 0
np_hypot 2 3 2 1 1 500 500 464 464
np_hypot 2 3 3 1 1 500 500 462 462
np_hypot 3 1 1 1 1 500 269 8 8
np_hypot 3 1 1 1 2 500 4 0 0
np_log10 2 1 2 1 1 500 500 125 125
np_log10 2 1 3 1 1 500 500 136 136
np_log10 2 2 1 1 1 500 492 7 7
np_log10 2 2 2 1 1 500 500 170 169
np_log10 2 2 3 1 1 500 500 146 146
np_log10 2 3 1 1 1 500 494 0 0
np_log10 2 3 2 1 1 500 500 119 119
np_log10 2 3 3 1 1 500 500 122 122
np_log10 3 1 1 1 1 500 500 56 56
np_log10 3 1 1 1 2 500 498 42 42
np_log1p 2 1 2 1 1 500 500 158 157
np_log1p 2 1 3 1 1 500 500 163 163
np_log1p 2 2 1 1 1 500 383 0 0
np_log1p 2 2 2 1 1 500 500 170 170
np_log1p 2 2 3 1 1 500 500 178 178
np_log1p 2 3 1 1 1 500 382 0 0
np_log1p 2 3 2 1 1 500 500 124 124
np_log1p 2 3 3 1 1 500 500 120 120
np_log1p 3 1 1 1 1 500 500 66 66
np_log1p 3 1 1 1 2 500 477 29 29
np_log 2 1 2 1 1 500 500 150 150
np_log 2 1 3 1 1 500 500 127 127
np_log 2 2 1 1 1 500 410 0 0
np_log 2 2 2 1 1 500 500 151 151
np_log 2 2 3 1 1 500 500 134 134
np_log 2 3 1 1 1 500 419 0 0
np_log 2 3 2 1 1 500 500 97 97
np_log 2 3 3 1 1 500 500 105 105
np_log 3 1 1 1 1 500 500 53 53
np_log 3 1 1 1 2 500 443 7 7
np_max 2 1 2 1 1 500 500 495 495
np_max 2 1 3 1 1 500 500 493 493
np_max 2 2 1 1 1 500 0 0 0
np_max 2 2 2 1 1 500 500 430 430
np_max 2 2 3 1 1 500 500 430 430
np_max 2 3 1 1 1 500 0 0 0
np_max 2 3 2 1 1 500 500 444 444
np_max 2 3 3 1 1 500 500 445 445
np_max 3 1 1 1 1 500 450 315 315
np_max 3 1 1 1 2 500 49 0 0
np_min 2 1 2 1 1 500 500 494 494
np_min 2 1 3 1 1 500 500 494 494
np_min 2 2 1 1 1 500 0 0 0
np_min 2 2 2 1 1 500 500 427 427
np_min 2 2 3 1 1 500 500 432 432
np_min 2 3 1 1 1 500 0 0 0
np_min 2 3 2 1 1 500 500 416 416
np_min 2 3 3 1 1 500 500 421 421
np_min 3 1 1 1 1 500 451 342 342
np_min 3 1 1 1 2 500 44 1 1
np_round 2 1 2 1 1 500 500 493 493
np_round 2 1 3 1 1 500 500 495 495
np_round 2 2 1 1 1 500 0 0 0
np_round 2 2 2 1 1 500 500 447 446
np_round 2 2 3 1 1 500 500 450 447
np_round 2 3 1 1 1 500 0 0 0
np_round 2 3 2 1 1 500 500 442 442
np_round 2 3 3 1 1 500 500 453 451
np_round 3 1 1 1 1 500 163 48 48
np_round 3 1 1 1 2 500 3 0 0
np_sinh 2 1 2 1 1 500 500 499 499
np_sinh 2 1 3 1 1 500 500 499 496
np_sinh 2 2 1 1 1 500 0 0 0
np_sinh 2 2 2 1 1 500 500 410 406
np_sinh 2 2 3 1 1 500 500 436 432
np_sinh 2 3 1 1 1 500 0 0 0
np_sinh 2 3 2 1 1 500 500 421 419
np_sinh 2 3 3 1 1 500 500 421 419
np_sinh 3 1 1 1 1 500 99 68 68
np_sinh 3 1 1 1 2 500 0 0 0
np_sin 2 1 2 1 1 500 500 500 497
np_sin 2 1 3 1 1 500 500 500 500
np_sin 2 2 1 1 1 500 0 0 0
np_sin 2 2 2 1 1 500 500 499 499
np_sin 2 2 3 1 1 500 500 497 496
np_sin 2 3 1 1 1 500 0 0 0
np_sin 2 3 2 1 1 500 500 500 493
np_sin 2 3 3 1 1 500 500 499 496
np_sin 3 1 1 1 1 500 500 487 485
np_sin 3 1 1 1 2 500 492 415 415
np_sqrt 2 1 2 1 1 500 500 145 145
np_sqrt 2 1 3 1 1 500 500 138 138
np_sqrt 2 2 1 1 1 500 165 0 0
np_sqrt 2 2 2 1 1 500 500 146 146
np_sqrt 2 2 3 1 1 500 500 145 145
np_sqrt 2 3 1 1 1 500 463 0 0
np_sqrt 2 3 2 1 1 500 500 108 107
np_sqrt 2 3 3 1 1 500 500 98 98
np_sqrt 3 1 1 1 1 500 499 22 22
np_sqrt 3 1 1 1 2 500 473 7 7
np_tanh 2 1 2 1 1 500 500 497 497
np_tanh 2 1 3 1 1 500 500 499 497
np_tanh 2 2 1 1 1 500 500 235 212
np_tanh 2 2 2 1 1 500 500 493 492
np_tanh 2 2 3 1 1 500 500 493 492
np_tanh 2 3 1 1 1 500 500 215 198
np_tanh 2 3 2 1 1 500 500 496 496
np_tanh 2 3 3 1 1 500 500 497 497
np_tanh 3 1 1 1 1 500 500 321 321
np_tanh 3 1 1 1 2 500 500 176 176
np_tan 2 1 2 1 1 500 500 19 19
np_tan 2 1 3 1 1 500 500 11 11
np_tan 2 2 1 1 1 500 0 0 0
np_tan 2 2 2 1 1 500 500 4 4
np_tan 2 2 3 1 1 500 500 9 9
np_tan 2 3 1 1 1 500 0 0 0
np_tan 2 3 2 1 1 500 500 12 12
np_tan 2 3 3 1 1 500 500 5 5
np_tan 3 1 1 1 1 500 467 344 343
np_tan 3 1 1 1 2 500 221 3 3


