np_abs 2 1 1 1 1 500 500 496 179
np_abs 2 1 1 1 2 500 293 199 199
np_acosh 2 1 1 1 1 500 0 0 0
np_acosh 2 1 1 1 2 500 0 0 0
np_acos 2 1 1 1 1 500 499 0 0
np_acos 2 1 1 1 2 500 499 0 0
np_asinh 2 1 1 1 1 500 499 407 123
np_asinh 2 1 1 1 2 500 452 230 229
np_asin 2 1 1 1 1 500 499 0 0
np_asin 2 1 1 1 2 500 499 0 0
np_atan2 2 1 1 1 1 500 500 487 481
np_atan2 2 1 1 1 2 500 498 436 436
np_atanh 2 1 1 1 1 500 500 0 0
np_atanh 2 1 1 1 2 500 500 0 0
np_atan 2 1 1 1 1 500 500 493 246
np_atan 2 1 1 1 2 500 500 423 423
np_ceil 2 1 1 1 1 500 222 191 18
np_ceil 2 1 1 1 2 500 72 13 13
np_cosh 2 1 1 1 1 500 0 0 0
np_cosh 2 1 1 1 2 500 0 0 0
np_cos 2 1 1 1 1 500 452 442 184
np_cos 2 1 1 1 2 500 479 456 456
np_exp 2 1 1 1 1 500 337 302 293
np_exp 2 1 1 1 2 500 0 0 0
np_floor 2 1 1 1 1 500 208 188 19
np_floor 2 1 1 1 2 500 87 18 18
np_hypot 2 1 1 1 1 500 416 113 113
np_hypot 2 1 1 1 2 500 23 7 7
np_log10 2 1 1 1 1 500 500 253 103
np_log10 2 1 1 1 2 500 499 209 209
np_log1p 2 1 1 1 1 500 498 241 57
np_log1p 2 1 1 1 2 500 487 170 170
np_log 2 1 1 1 1 500 498 202 59
np_log 2 1 1 1 2 500 442 116 116
np_max 2 1 1 1 1 500 439 409 409
np_max 2 1 1 1 2 500 49 18 18
np_min 2 1 1 1 1 500 384 369 367
np_min 2 1 1 1 2 500 178 111 111
np_round 2 1 1 1 1 500 225 207 17
np_round 2 1 1 1 2 500 82 17 17
np_sinh 2 1 1 1 1 500 0 0 0
np_sinh 2 1 1 1 2 500 0 0 0
np_sin 2 1 1 1 1 500 462 448 171
np_sin 2 1 1 1 2 500 476 429 429
np_sqrt 2 1 1 1 1 500 485 175 122
np_sqrt 2 1 1 1 2 500 479 74 74
np_tanh 2 1 1 1 1 500 500 453 399
np_tanh 2 1 1 1 2 500 500 437 437
np_tan 2 1 1 1 1 500 43 39 37
np_tan 2 1 1 1 2 500 60 38 38
